1.020794
1.041733
1.062817
1.084046
1.105423
1.126949
1.148623
1.170448
1.192423
1.214552
1.236833
1.259269
1.281861
1.304609
1.327515
1.350579
1.373804
1.397189
1.420737
1.444447
1.468322
1.492363
1.516570
1.540945
1.565489
1.590203
1.615089
1.640147
1.665378
1.690785
1.716367
1.742127
1.768066
1.794184
1.820483
1.846965
1.873630
1.900480
1.927516
1.954739
1.982151
2.009754
2.037547
2.065533
2.093713
2.122089
2.150661
2.179431
2.208401
2.237571
2.266944
2.296520
2.326301
2.356289
2.386484
2.416889
2.447505
2.478332
2.509374
2.540630
2.572104
2.603795
2.635706
2.667838
2.700193
2.732773
2.765578
2.798610
2.831872
2.865364
2.899088
2.933046
2.967239
3.001669
3.036338
3.071247
3.106399
3.141793
3.177434
3.213321
3.249457
3.285843
3.322482
3.359375
3.396523
3.433929
3.471594
3.509520
3.547709
3.586163
3.624883
3.663872
3.703131
3.742662
3.782467
3.822548
3.862907
3.903546
3.944466
3.985670
4.027159
4.068936
4.111003
4.153361
4.196013
4.238961
4.282206
4.325751
4.369598
4.413748
4.458205
4.502970
4.548045
4.593433
4.639135
4.685154
4.731492
4.778151
4.825133
4.872442
4.920078
4.968044
5.016343
5.064976
5.113947
5.163257
5.212909
5.262905
5.313248
5.363939
5.414982
5.466379
5.518132
5.570244
5.622717
5.675553
5.728756
5.782328
5.836271
5.890588
5.945281
6.000354
6.055808
6.111647
6.167872
6.224488
6.281495
6.338898
6.396699
6.454901
6.513506
6.572517
6.631937
6.691769
6.752016
6.812680
6.873765
6.935273
6.997208
7.059571
7.122368
7.185599
7.249269
7.313380
7.377935
7.442938
7.508392
7.574299
7.640663
7.707487
7.774774
7.842528
7.910751
7.979447
8.048619
8.118271
8.188405
8.259026
8.330136
8.401739
8.473838
8.546438
8.619540
8.693149
8.767268
8.841901
8.917052
8.992723
9.068919
9.145642
9.222898
9.300689
9.379020
9.457893
9.537313
9.617284
9.697809
9.778892
9.860537
9.942748
